734 680 9257
626-321-1178
231-709-5872
732-771-5460
269-615-2612
917-291-6060
770-530-2870
858-997-6785
248-730-1286
248-805-1403
248-756-4883
347-725-2243
2489825629
609-969-0279
203-258-4681
734-244-2648
586-484-3019
734-355-3381
269-779-1559
734-658-2036
734-272-6112
650-815-5863
734-709-0260
413-695-7701
617-359-6705
240-565-5411
269-290-3440
248-928-3258
248-877-5696
713-865-3392
2012206011
2017856283
2055003855
2063215881
2107259775
2129918969
2134341036
2144406484
2155957280
2164827655
2165334865
2166593435
2172443030
2176537556
2177799741
2182135309
2188217813
2192524097
2194554518
2194770531
2197073504
2197755373
2198408761
2243602695
2243814898
2245440308
2245450267
2245454119
2245956673
2246004500
2246168104
2246889714
2247030766
2247149806
2247301591
2247350307
2248569650
2392004266
2482293559
2482311564
2482312251
2482387813
2482526816
2482781132
2483032189
2483037162
2483129200
2483211621
2483460900
2483462867
2484534431
2484628402
2484950888
2485060158
2485149478
2485286538
2485350651
2485616098
2485616529
2486221190
2486796953
2486866980
2486868655
2487098685
2487190610
2487196972
2487562231
2487605833
2487664499
2487670206
2487736159
2487983726
2488054154
2488054714
2488080925
2488082331
2488180379
2488249868
2488303606
2488358239
2488388783
2488755382
2488814301
2489106348
2489181995
2489241754
2489259924
2489435112
2489538134
2604183951
2605797629
2607057306
2622158356
2623270264
2623276318
2623434545
2623649188
2624425517
2626133125
2626851756
2627058999
2627942922
2628882607
2676704553
2692482614
2692718291
2693523814
2695324315
2707240258
3019088255
3032412936
3033321857
3037189231
3039127803
3039576871
3039600273
3082932716
3097517379
3122188166
3122869409
3124771162
3124796855
3124938278
3125238027
3125320459
3125321809
3125329656
3125450370
3126969003
3127144681
3128631862
3129981728
3133276223
3136628337
3138021082
3139242868
3142014735
3142039954
3142696775
3142831273
3143208311
3144013740
3144848877
3144980502
3144981123
3144986961
3145466492
3145521744
3145785925
3145830370
3145839295
3146204729
3146625384
3146812848
3147611860
3148007933
3148459464
3148827373
3149395968
3162042752
3162825151
3162881404
3162993596
3162998549
3163085895
3164693205
3164943646
3165160684
3165181137
3165184233
3165192915
3165192937
3165193244
3165302520
3165731045
3165736158
3166330427
3166503123
3166558947
3166805756
3167064659
3167083969
3167089453
3167128300
3167379352
3168411686
3168472781
3168475643
3169251865
3169921717
3169924947
3169936674
3169937938
3173329573
3173666351
3173794474
3173857291
3174879175
3175149571
3175255155
3175519765
3176007257
3176088934
3176567274
3176660398
3176814105
3176981265
3176985703
3177723462
3178328975
3179977723
3195949208
3196218238
3202888209
3202888209
3207613689
3236987771
3473301980
3477495440
3478595352
3479252025
4023203885
4023262291
4024059645
4024173050
4024800486
4026130627
4029374337
4048310228
4074930089
4077564681
4083184031
4083189760
4084978790
4085989818
4086664526
4087189004
4088328217
4089811809
4125230871
4129962799
4142131976
4142329692
4142368306
4142381811
4142394963
4142555161
4142949277
4143315482
4143886973
4144008480
4144260988
4144263874
4144396393
4144601766
4144677817
4145103661
4145172882
4145262552
4145345488
4145345488
4145595795
4145737158
4147128411
4147369151
4147487667
4147954322
4148707103
4153078338
4157283248
4158283864
4158289810
4159126721
4159690953
4192520434
4193409835
4194101544
4197798946
4198607574
4199736834
4232438794
4402210548
4402280550
4403189223
4404542151
4405220882
4407816495
4697327161
4847162013
5024326043
5026443367
5038888352
5072105463
5072694436
5072810094
5073124280
5073139455
5074768972
5103678990
5103788972
5104175583
5105095635
5105296114
5106762279
5106808927
5132054791
5132599321
5133281297
5134009628
5134103801
5154194605
5155566268
5156192077
5156391620
5157075632
5158022296
5166558813
5166737207
5174020762
5174206887
5175757327
5176729694
5177034405
5178994070
5179187533
5179401620
5179904728
5622929032
5624003111
5676862924
5676981313
5678011651
5732288914
5733563260
5735292095
5735546676
5738080789
5738149989
5738252355
5739157720
5746122594
5748647613
5862061229
5862194884
5862290939
5862518735
5862589444
5863501204
5865045011
5867196098
5869455654
6059511486
6062318909
6082348258
6083209663
6083590077
6084496713
6084698276
6085196647
6085196649
6085561870
6085569113
6086225852
6088866598
6099552706
6122059281
6122205015
6122206506
6122261321
6122328187
6124021681
6124378359
6124422875
6125988202
6126552031
6127022870
6127352569
6128076403
6128685210
6129876454
6129902241
6142029255
6142086424
6143078332
6143148229
6143959678
6144062837
6145308288
6145374448
6145966602
6146194879
6146337197
6147079919
6147199737
6147356448
6148041999
6148174366
6148248126
6149404902
6149739621
6157100192
6162323456
6162389997
6162408107
6162648701
6162954641
6163042544
6163296024
6163343471
6163791453
6164199931
6164605863
6165166834
6165168943
6166177880
6166353620
6166353956
6166811996
6167172827
6168186530
6168209215
6168287701
6168365962
6168565544
6168811808
6169142001
6169146191
6169512775
6169903003
6173198676
6178505528
6187223605
6195189619
6202627699
6208708068
6302870635
6303960722
6305049828
6305613635
6306058146
6306317837
6306328516
6306392650
6306498984
6306896233
6307793634
6307970977
6308158340
6308640050
6308641402
6308818043
6315513049
6363229599
6363457611
6365799316
6367300002
6367516180
6368754877
6463340854
6464091077
6464278640
6464696177
6465448675
6465738507
6469445173
6502292443
6502741844
6507148060
6512009871
6512085335
6512333667
6512339306
6512489218
6512529961
6512633010
6512634802
6512638244
6512749680
6512769547
6513078054
6513134477
6513152726
6513152737
6513296105
6513349778
6513350978
6513480479
6513489869
6513523588
6513523672
6513536004
6513542466
6513547813
6513619606
6513661866
6513662946
6513769011
6513990098
6513993025
6513998471
6514048624
6514049539
6514245259
6514258536
6514285858
6514318521
6514348955
6514421215
6514428050
6514429437
6514681274
6515831577
6516000159
6517030378
6517067179
6517576723
6517578867
6517695495
6517882795
6517959504
6518020771
6518158799
6602342530
6619327888
6787099227
6787721298
7032324620
7033430052
7033503678
7082183341
7082183341
7083742701
7086558521
7123200096
7125777537
7125779601
7142008687
7143602122
7144897569
7148787133
7152036218
7152255814
7152975854
7152977295
7153018613
7153022679
7154322573
7155739063
7157411631
7158030333
7158033418
7158035198
7158641050
7182880992
7194245117
7199308923
7202903812
7203253957
7203558789
7203751610
7204099961
7204257316
7205796002
7208792758
7209331943
7323254513
7323798354
7327630888
7342239582
7342553672
7342634605
7342634740
7342728229
7342777290
7343527863
7343532636
7343532637
7343538501
7343585552
7343779508
7344477451
7344745791
7345454808
7345461820
7345480402
7345484626
7345782584
7345786447
7346129612
7346200366
7346351744
7346460148
7346468477
7346608712
7347187545
7347561542
7347767723
7347809987
7347878123
7348837384
7349048031
7578394467
7578769331
7632023028
7632023708
7632136193
7632137927
7632219507
7632344657
7632736068
7632737662
7633001388
7633074637
7633136751
7633186900
7633189930
7634001497
7634392066
7634428676
7634450915
7634475365
7634869164
7635165041
7635671225
7635686444
7635688593
7636009991
7636703695
7636708022
7637038148
7638078739
7638432505
7638986790
7638986790
7638986790
7639990630
7654619680
7654701576
7655131839
7658389390
7707316536
7708816038
7732264079
7732731587
7733326809
7733872744
7733874358
7735109498
7735770175
7736035784
7736989209
7737424307
7738178227
7738182754
7738292099
7738371223
7739345485
7739838799
7739885351
7739888873
7742860129
7813758803
7839130984
7853424309
7854094883
7854736182
7855510091
7855510258
7855875851
7857664834
7859149812
8019182537
8019537410
8082229887
8082588929
8102991658
8108539113
8108775865
8109562808
8154411253
8155057793
8159311252
8162777930
8165828987
8166946675
8167852837
8175642632
8456644731
8472044278
8472816468
8473098570
8473385908
8473451811
8474019243
8475297879
8476482464
8478404751
8478734862
8479428466
8482192037
8566257969
8579286378
8582088525
8583665572
8583737390
8589973095
8594025162
8603896609
9063708681
9084487011
9084487012
9089679988
9096100369
9132449761
9132688769
9133609465
9134868954
9136380795
9136878601
9137546799
9139079400
9139483688
9139638683
9144139245
9145009502
9172886360
9175383007
9175872196
9176094878
9177103299
9177456003
9177751680
9179297455
9202092354
9202540086
9202579271
9202645044
9202647827
9202653043
9202654900
9202687221
9202689814
9202797248
9202875349
9202876949
9203130105
9204508756
9204538884
9204569666
9204759291
9204965829
9205279572
9205734614
9205735896
9205744602
9205746099
9206297428
9206299465
9206455669
9206457823
9206768756
9206811301
9207075080
9207334886
9207635953
9208191135
9208401405
9208405741
9208518031
9208578083
9208581182
9209051821
9209124593
9209177698
9209395690
9252237772
9257856677
9258721336
9292352930
9372193162
9373612592
9373673999
9377686322
9414513703
9497434049
9522008504
9522887978
9522976440
9525942318
9526070468
9526882169
9528075744
9542009036
9717708198
9729710938
9736879954
9785011119
9892873396
9893177790
9893314130
9894924629
9895984123
9896219964
9896579452
9897980045
9898548588
9899547276
13177277558
16146158598
17157685119
72403902866
76339234256
(732)-470-3956
231-571-8435
248-508-6276
651-363-5885
813-361-5454
847-401-9243
2485049320
2487198286
2488904494
3092556879
4048310228
4084978790
4142131976
4142131976
4142131976
6162641237
6162984756
6367516180
6789821300
7146592603
7346440703
7346780373
7347090260
7348839945
7737827717
8578690201
13473230018
734-635-5077
810-941-5967
2487604337
7342629670
6827179142
2485049320
2487198286
2488904494
3092556879
4048310228
4084978790
4142131976
4142131976
4142131976
6162641237
6162984756
6367516180
6789821300
7146592603
7346440703
7346780373
7347090260
7348839945
7737827717
8578690201
13473230018
734-635-5077
810-941-5967
2487604337
7342629670
6827179142
2488810535
2489330184
8103948971
7346789012
6099552706
269-491-3622
630-689-6232
6169203368
317-525-5155
9204507025