+15864843019
+15748647613
+12317095872
+17854094883
+14144677817
+13149395968
+13147611860
+16363229599
+16085561870
+19729710938
+13145830370
+13162042752
+17738292099
+17032324620
+15862518735
+16122206506
+13142014735
+13169937938
+18108539113
+13138021082
+15175757327
+18108775865
+13145785925
+14144260988
+16126552031
+19252237772
+17634001497
+17636009991
+12489283258
+19137546799
+16128076403
+15073124280
+13125321809
+16514318521
+16512638244
+19258721336
+19522887978
+13175519765
+12482781132
+13165736158
+14142949277
+14077564681
+19202540086
+17346460148
+19895984123
+13167379352
+13162993596
+17632737662
+18154411253
+17343585552
+16464696177
+19139638683
+13176981265
+16787099227
+17578769331
+12486868655
+17632023028
+17733874358
+14402280550
+12247030766
+17634428676
+16143959678
+15179401620
+17633186900
+14198607574
+19132688769
+13167089453
+14145737158
+17632219507
+13039576871
+17343532636
+16147079919
+14085989818
+18019182537
+19204965829
+16163343471
+16162984756
+17342726112
+17343532637
+13146204729
+17635688593
+12489825629
+19175872196
+13162881404
+17346608712
+16368754877
+17346468477
