+13173666351
+14847162013
+16145374448
+16515831577
+16166353620
+13144981123
+13175255155
+13166330427
+12484534431
+12604183951
+15738080789
+17738182754
+12628882607
+14125230871
+16168365962
+15174206887
+13207613689
+12484950888
+14143315482
+15166558813
+16263211178
+16099552706
13177277558
+14083184031
+12488358239
+12627942922
+17182880992
+15746122594
+12697791559
+17125779601
+17813758803
+17739345485
+14144263874
+15179904728
+16513542466
+17855875851
+13196218238
+14142394963
+19209124593
+15154194605
+13165192915
+17208792758
+16514049539
+15134009628
+15072694436
+14402210548
+14159126721
+12246004500
+16149404902
+16513349778
+13144848877
+19208581182
+12164827655
+16148041999
+15105296114
+12166593435
+17637038148
+13037189231
+14153078338
+19207075080
+18475297879
+13162998549
+16513998471
+12488080925
+15073139455
+16514428050
+13127144681
+16502741844
+13477495440
+16513993025
+16465738507
+17857664834
+14145595795
+13177723462
+12627058999
+16084698276
+14129962799
+13125329656
+19133609465
+16513662946
+12488904494
+12246889714
+12676704553
+19175383007
+19139483688
+16513152726
+12483460900
