+12487198286
+15735292095
+12482387813
+16169512775
+19204538884
+15134103801
+18159311252
+12486221190
+17655131839
+16084496713
+13122869409
+19898548588
+17342442648
+16306896233
+19177103299
+19542009036
+16169142001
+18472816468
+17082183341
+12623276318
+17345480402
+19205735896
+17638078739
+17344745791
+17347767723
+16143078332
+19208191135
+17346780373
+18133615454
+17635671225
+18578690201
+17347090260
+12622158356
+14142131976
+17143602122
+12482311564
+13167064659
+12486866980
+14024173050
+14157283248
+19207334886
+12485149478
+16122328187
+13236987771
+17633074637
+16124021681
+17632137927
+17323798354
+16169146191
+16306317837
+17737827717
+12489181995
+14029374337
+19096100369
+16144062837
+15156192077
+17327715460
+16129902241
+16307970977
+12198408761
+14088328217
+13173329573
+15105095635
+16165166834
+14143886973
+17634392066
+17346809257
+12245956673
+16469445173
+17203253957
+18162777930
+19526070468
+16168811808
+18476482464
+19202647827
16146158598
+19134868954
+12487736159
+19377686322
+17733872744
+17142008687
+16147356448
+17633001388
+12483032189
+17733326809
+14145345488
+15179187533
