+16162641237
+19208578083
+13124771162
+14158283864
+18589976785
+12243602695
+17732731587
+15024326043
+15862589444
+16166177880
+16513296105
+16508155863
+13176985703
+17343527863
+16507148060
+12032584681
+12482526816
+13166805756
+16513523672
+12483129200
+19896579452
+16086225852
+13176567274
+13169921717
+17323254513
+17737424307
+17153018613
+12484628402
+15072810094
+12247350307
+16367516180
+13167083969
+16367300002
+12165334865
+13039600273
+12192524097
+17083742701
+15867196098
+16143148229
+13169936674
+15676862924
+17342634740
+19202092354
+14144396393
+16162408107
+17158641050
+15624003111
+13473301980
+14142381811
+19063708681
+19205279572
+12489435112
+16142086424
+17342777290
+15738149989
+14145262552
+14403189223
+13125320459
+16163296024
+13145839295
+18474019243
+16085196647
+17125777537
+19202653043
+16059511486
+12487605833
+17138653392
+16147199737
+13163085895
+17736989209
+16513661866
+12488810535
+16083590077
+18167852837
+17578394467
+17157411631
+18479428466
+13148459464
+16513523588
+17205796002
+17194245117
+13129981728
+16195189619
+13148827373
+17346351744
+15038888352
+12487196972
