+12245450267
+16168186530
+17705302870
+15735546676
+16173198676
+12489330184
+15158022296
+13124796855
+16512633010
+17343553381
+16514258536
+19257856677
+16363457611
+15074768972
+16127022870
+12488054154
+14026130627
+14145103661
+17086558521
+19207635953
+19893314130
+15156391620
+16513635885
+14136957701
+12017856283
+19893177790
+17638432505
+16513547813
+13168475643
+18175642632
+19206455669
+16517959504
+16165168943
+19522976440
+16166353956
+13165193244
+12623434545
+16517882795
+16308641402
+17632344657
+17636708022
+15157075632
+16173596705
+17853424309
+18478734862
+17634450915
+17839130984
+14147954322
+15869455654
+17346440703
+16162389997
+12177799741
+19208405741
+18155057793
+14405220882
+16787721298
+19202876949
+19204569666
+16202627699
+13128631862
+19897980045
+17854736182
+16827179142
+17347809987
+17346129612
+19899547276
+16513350978
+16122059281
+16602342530
+17633189930
+16163791453
+19204507025
+17736035784
+16512634802
+16517576723
+12692482614
+18603896609
+18482192037
+19177751680
+13143208311
+17123200096
+13165181137
+13162825151
+12485616529
+14697327161
+15106762279
+17855510258
