+18583737390
+13173857291
+19136878601
+12243814898
+16517067179
+12245440308
+18473385908
+14404542151
+15733563260
+19202687221
+12487664499
+19205746099
+16514285858
+13019088255
+16306498984
+13179977723
+19144139245
+16208708068
+16088866598
+16162954641
+13146625384
+17033430052
+12623270264
+17738371223
+12489538134
+17345461820
+12489106348
+13097517379
+14024059645
+19208518031
+15103678990
+19526882169
+16142029255
+12129918969
+19139079400
+14142555161
+19084487011
+12487670206
+16464091077
+19206811301
+12197755373
+16517695495
+15622929032
+19084487012
+16162648701
+17158030333
+15104175583
+12194554518
+12134341036
+15178994070
+12488249868
+16128685210
+17346200366
+16512333667
+14144008480
+16164199931
+16145308288
+18478404751
+17146592603
+18102991658
+16082348258
+16149739621
+12488054714
+13144980502
+12488051403
+16465448675
+17635686444
+19202689814
+12692718291
+19894924629
+18019537410
+12182135309
+12626133125
+16517578867
+13176814105
+13166503123
+12107259775
+17327630888
+15166737207
+15132599321
+12194770531
+13477252243
+12155957280
+16148174366
+17632736068
+19177456003
+16517030378
