+19202875349
+17342239582
+16513536004
+13092556879
+13142039954
+13168411686
+12626851756
+19208401405
+19522008504
+13178328975
+12248569650
+15133281297
+18103948971
+17654619680
+16619327888
+18165828987
+12623649188
+15863501204
+16514421215
+14194101544
+16306392650
+19414513703
+18594025162
+19132449761
+16512009871
+19528075744
+16306328516
+17348839945
+16365799316
+15738252355
+17632136193
+17635165041
+17735109498
+16513619606
+16122205015
+13174879175
+12692903440
+15072105463
+12607057306
+17324703956
+12487301286
+13142831273
+19896219964
+18109415967
+16513489869
+17344477451
+12485616098
+12488775696
+17155739063
+15865045011
+12707240258
+12487098685
+16512339306
+12245454119
+16512529961
+12485286538
+19202579271
+14158289810
+13175149571
+15739157720
+12694913622
+16169903003
+14142329692
+17345782584
+16513078054
+12392004266
+17347561542
+17632023708
+16157100192
+13136628337
+19172886360
+18566257969
+17349048031
+17707316536
17157685119
+19892873396
+12485086276
+19497434049
+16518020771
+16099690279
+16127352569
+17347878123
+16303960722
+14232438794
+15176729694
+12197073504
+16315513049
