+12488303606
+16514681274
+17209331943
+12247301591
+19172916060
+18582088525
+13124938278
+17342634605
+17346355077
+13168472781
+19089679988
+12176537556
+14192520434
+19292352930
+17639990630
+13176660398
+16463340854
+12485060158
+12247149806
+12483211621
+13144986961
+16164605863
+19525942318
+17345454808
+19136380795
+14199736834
+16083209663
+13173794474
+19202654900
+19205734614
+17148787133
+176339234256
+14407816495
+14087189004
+17152255814
+15678011651
+12483462867
+17732264079
+17203751610
+12486796953
13473230018
+16512749680
+14197798946
+14084978790
+16513769011
+13144013740
+13165160684
+18583665572
+12487190610
+13169251865
+16513480479
+17346789012
+13176007257
+17343538501
+13145466492
+12405655411
+16514048624
+16168287701
+19206297428
+13165731045
+12489241754
+18082229887
+12624425517
+18166946675
+15174020762
+12605797629
+13125450370
+12315718435
+17203558789
+16518158799
+19209051821
+12488755382
+19202797248
+18473098570
+19373673999
+12144406484
+16125988202
+15862061229
+18473451811
+14142368306
+16514245259
+17204099961
+17739888873
+14148707103
+17708816038
+12488180379
