+12487604337
+19206457823
+13139242868
+13164943646
+14145172882
+16162323456
+13479252025
+14074930089
+19206768756
+12487983726
+14193409835
+18082588929
+17345484626
+16306896232
+16516000159
+14048310228
+17158033418
+12482312251
+16306058146
+17859149812
+15106808927
+19202645044
+13125238027
+19205744602
+16512085335
+15862194884
+17204257316
+12488082331
+18472044278
+15177034405
+16124378359
+14024800486
+19145009502
+15155566268
+13142696775
+14023203885
+12489259924
+17153022679
+17343779508
+14083189760
+13202888209
+17742860129
+16464278640
+16122261321
+17144897569
+12172443030
+17739838799
+13166558947
+16308818043
+17199308923
+17342629670
+16512489218
+14089811809
+14023262291
+17634869164
+18589973095
+12012206011
+12693523814
+13169924947
+13165302520
+17735770175
+16085196649
+16163042544
+13167128300
+16148248126
+16512769547
+13176088934
+17346582036
+19373612592
+12485350651
+17638986790
+19209395690
+16513152737
+13195949208
+16514348955
+19736879954
+17158035198
+16305049828
+13165192937
+12483037162
+16129876454
+13033321857
+14086664526
+17342553672
+14159690953
+19209177698
+19717708198
