+12487564883
+172403902866
+17152977295
+16062318909
+17633136751
+16178505528
+13133276223
+12487562231
+12246168104
+17654701576
+12063215881
+16308640050
+16146194879
+16307793634
+17739885351
+19206299465
+17347187545
+16514429437
+16145966602
+15676981313
+14147487667
+16085569113
+17342728229
+17345786447
+18579286378
+17738178227
+16146337197
+16168565544
+12488814301
+16502292443
+17636703695
+12485049320
+19204759291
+16167172827
+17152036218
+16166811996
+14147128411
+15732288914
+16302870635
+14147369151
+19785011119
+17634475365
+13148007933
+16169203368
+16789821300
+12488388783
+17202903812
+12482293559
+15132054791
+17348837384
+15103788972
+16305613635
+13082932716
+18456644731
+12696152612
+13145521744
+17855510091
+12055003855
+19179297455
+13126969003
+19372193162
+13032412936
+12188217813
+16187223605
+15026443367
+17154322573
+19176094878
+14144601766
+17658389390
+16124422875
+19204508756
+16513134477
+16308158340
+15862290939
+19203130105
+13165184233
+13146812848
+17033503678
+13478595352
+12695324315
+16168209215
+13164693205
+13039127803
+18109562808
+13122188166
+17152975854
+16513990098
